[0, 0, 0, 0]

0
[0.014002223499119282, 1.0]
[1.8752576112747192, 0.55830556154251099]

1
[0.013739118352532387, 0.99841266870498657]
[0.05781395360827446, 0.98400002717971802]

2
[0.012772307731211185, 1.0]
[2.1074433326721191, 0.640647292137146]

3
[0.012509814463555813, 1.0]
[2.2185778617858887, 0.54355067014694214]


[0, 0, 1, 0]

0
[0.012366383336484432, 1.0]
[2.5404860973358154, 0.50404566526412964]

1
[0.019510673359036446, 0.99841266870498657]
[1.5195643901824951, 0.70550000667572021]

2
[0.011323007754981518, 1.0]
[3.3796267509460449, 0.40599715709686279]

3
[0.017335815355181694, 0.99731183052062988]
[2.5481371879577637, 0.60447406768798828]


[0, 0, 2, 0]

0
[0.012646505609154701, 1.0]
[1.8948646783828735, 0.65397429466247559]

1
[0.013295355252921581, 1.0]
[2.0703132152557373, 0.7005000114440918]

2
[0.013767518103122711, 1.0]
[2.0961446762084961, 0.50071394443511963]

3
[0.014714364893734455, 0.99838709831237793]
[1.5569139719009399, 0.64493095874786377]


[0, 0, 3, 0]

0
[0.010956219397485256, 1.0]
[2.1269509792327881, 0.46454069018363953]

1
[0.012967726215720177, 0.99894177913665771]
[1.1597063541412354, 0.74099999666213989]

2
[0.014282961376011372, 1.0]
[2.3037540912628174, 0.46358877420425415]

3
[0.011848784051835537, 1.0]
[2.3190386295318604, 0.57496428489685059]


[0, 0, 4, 0]

0
[0.015786299481987953, 1.0]
[2.4652819633483887, 0.63541167974472046]

1
[0.016115039587020874, 1.0]
[1.5723897218704224, 0.7005000114440918]

2
[0.013268043287098408, 1.0]
[1.4725034236907959, 0.53498333692550659]

3
[0.013954408466815948, 1.0]
[1.8620511293411255, 0.66634935140609741]


[0, 0, 4, 1]

0
[0.011946938931941986, 0.99892473220825195]
[0.066852062940597534, 0.98381721973419189]

1
[0.014566635712981224, 1.0]
[1.3768206834793091, 0.70099997520446777]

2
[0.011611530557274818, 1.0]
[1.079249382019043, 0.74297952651977539]

3
[0.015119458548724651, 1.0]
[1.5297638177871704, 0.66872918605804443]


[0, 0, 5, 1]

0
[0.01815449632704258, 0.99892473220825195]
[0.034740373492240906, 0.99428844451904297]

1
[0.0117769381031394, 0.99947088956832886]
[1.175922155380249, 0.73400002717971802]

2
[0.014921030029654503, 1.0]
[0.33657243847846985, 0.88053309917449951]

3
[0.011253728531301022, 1.0]
[2.392723560333252, 0.66682529449462891]


[0, 0, 4, 2]

0
[0.011452967301011086, 0.99946236610412598]
[0.65842044353485107, 0.71346980333328247]

1
[0.013316401280462742, 1.0]
[0.92604613304138184, 0.73150002956390381]

2
[0.014166121371090412, 1.0]
[1.1328220367431641, 0.65587812662124634]

3
[0.011600812897086143, 1.0]
[1.1268770694732666, 0.72870063781738281]


[0, 0, 4, 2]

[0, 1]

[0.024240178987383842, 0.99920636415481567]
[0.3224560022354126, 0.88758838176727295]

[0, 2]
[0.024232745170593262, 1.0]
[0.91710776090621948, 0.74155163764953613]

[0, 3]
[0.04598468542098999, 1.0]
[0.40281999111175537, 0.84459781646728516]

[1, 2]
[0.01876077800989151, 1.0]
[1.0471692085266113, 0.70568156242370605]

[1, 3]
[0.018813339993357658, 1.0]
[1.2999383211135864, 0.71860522031784058]

[2, 3]
[0.024275330826640129, 1.0]
[1.0934712886810303, 0.77796286344528198]


[0, 0, 5, 1]

[0, 1]
[0.024240178987383842, 0.99920636415481567]
[0.3224560022354126, 0.88758838176727295]

[0, 2]
[0.024232745170593262, 1.0]
[0.91710776090621948, 0.74155163764953613]

[0, 3]
[0.04598468542098999, 1.0]
[0.40281999111175537, 0.84459781646728516]

[1, 2]
[0.01876077800989151, 1.0]
[1.0471692085266113, 0.70568156242370605]

[1, 3]
[0.018813339993357658, 1.0]
[1.2999383211135864, 0.71860522031784058]

[2, 3]
[0.024275330826640129, 1.0]
[1.0934712886810303, 0.77796286344528198]


[0, 0, 0, 0]

[0, 1]
[0.02491438016295433, 1.0]
[2.150174617767334, 0.49987807869911194]

[0, 2]
[0.025381240993738174, 1.0]
[1.144634485244751, 0.65135651826858521]

[0, 3]
[0.023849032819271088, 1.0]
[1.2099473476409912, 0.5728224515914917]

[1, 2]
[0.023842416703701019, 1.0]
[1.870724081993103, 0.56961715221405029]

[1, 3]
[0.02293381467461586, 1.0]
[0.95693337917327881, 0.81272858381271362]

[2, 3]
[0.017878564074635506, 1.0]
[1.61513352394104, 0.68134224414825439]
